 FILE_NAME
 REACTION
 BEAM_MASS TARGET_MASS THRESHOLD FINAL_STATE_MULTIPLICITY
 NUMBER_OF_DATA_POINTS
 POINT_NUMBER PLAB(GEV/C) PLAB_MIN PLAB_MAX ALPHA   STA_ERR+ STA_ERR- SY_ER+(PCT) SY_ER-(PCT) REFERENCE FLAG
  FORMAT(I5,1X,4F11.5,2F8.4,1X,2F6.1,A)
 -------------------------------------------------------------------------------------------------------
 PP_ELASTIC.REIM
 P P --> 2P
 0.938270    0.938270      0.            2
 116
 1    0.13526    0.13526    0.13526    0.80000    5.0E-02 5.0E-02    0.0  0.0  AMIRKHANOV 73B   YF 17, 1222
 2    0.16033    0.16033    0.16033    0.85000    0.11000 0.11000    0.0  0.0  AMIRKHANOV 73B   YF 17, 1222
 3    0.22067    0.22067    0.22067    1.1000     8.0E-02 8.0E-02    0.0  0.0  AMIRKHANOV 73B   YF 17, 1222
 4    0.27475    0.27475    0.27475    1.7000     0.11000 0.11000    0.0  0.0  AMIRKHANOV 73B   YF 17, 1222
 5    0.31511    0.31511    0.31511    2.0000     1.2000  1.2000     0.0  0.0  AMIRKHANOV 73B   YF 17, 1222
 6    0.36446    0.36446    0.36446    1.7300     3.0E-02 3.0E-02    0.0  0.0  AMIRKHANOV 73B   YF 17, 1222
 7    0.55134    0.55134    0.55134    1.4600     4.0E-02 4.0E-02    0.0  0.0  AMIRKHANOV 73B   YF 17, 1222
 8    0.66714    0.66714    0.66714    1.0000     4.0E-02 4.0E-02    0.0  0.0  AMIRKHANOV 73B   YF 17, 1222
 9    0.82633    0.82633    0.82633    0.65000    0.15000 0.15000    0.0  0.0  AMIRKHANOV 73B   YF 17, 1222
 10   0.85332    0.85332    0.85332    -9.000E-02 0.12000 0.12000    0.0  0.0  AMIRKHANOV 73B   YF 17, 1222
 11   0.87546    0.87546    0.87546    -0.30000   0.22000 0.22000    0.0  0.0  AMIRKHANOV 73B   YF 17, 1222
 12   0.92600    0.92600    0.92600    0.59000    0.22000 0.22000    0.0  0.0  AMIRKHANOV 73B   YF 17, 1222
 13   1.00276    1.00276    1.00276    0.41000    4.0E-02 4.0E-02    0.0  0.0  AMIRKHANOV 73B   YF 17, 1222
 14   1.03673    1.03673    1.03673    -0.77000   0.23000 0.23000    0.0  0.0  AMIRKHANOV 73B   YF 17, 1222
 15   1.09008    1.09008    1.09008    0.78000    0.10000 0.10000    0.0  0.0  AMIRKHANOV 73B   YF 17, 1222
 16   1.10717    1.10717    1.10717    0.25000    8.3E-02 8.3E-02    12.  12.  VELICHKO 82B     YF 35, 1457
 17   1.16810    1.16810    1.16810    -0.74000   0.38000 0.38000    0.0  0.0  AMIRKHANOV 73B   YF 17, 1222
 18   1.25663    1.25663    1.25663    0.53000    7.0E-02 7.0E-02    0.0  0.0  AMIRKHANOV 73B   YF 17, 1222
 19   1.27902    1.27902    1.27902    0.24900    8.6E-02 8.6E-02    12.  12.  VELICHKO 82B     YF 35, 1457
 20   1.27902    1.27902    1.27902    0.28400    3.0E-02 3.0E-02    7.7  7.7  VELICHKO 82B     YF 35, 1457
 21   1.29000    1.29000    1.29000    -0.76000   0.13000 0.13000    0.0  0.0  DUTTON 68B       PL 26B, 679
 22   1.29017    1.29017    1.29017    -0.25600   9.0E-02 9.0E-02    0.0  0.0  AMIRKHANOV 73B   YF 17, 1222
 23   1.30621    1.30621    1.30621    0.40000    0.13000 0.13000    0.0  0.0  AMIRKHANOV 73B   YF 17, 1222
 24   1.34053    1.34053    1.34053    0.24800    0.11000 0.11000    12.  12.  VELICHKO 82B     YF 35, 1457
 25   1.39000    1.39000    1.39000    -0.58000   6.0E-02 6.0E-02    0.0  0.0  DUTTON 68B       PL 26B, 679
 26   1.40353    1.40353    1.40353    1.0000E-02 6.7E-02 6.7E-02    300. 300. VELICHKO 82B     YF 35, 1457
 27   1.54000    1.54000    1.54000    -0.30000   9.0E-02 9.0E-02    0.0  0.0  DUTTON 67        PL 25B, 245
 28   1.54000    1.54000    1.54000    -0.32000   7.0E-02 7.0E-02    0.0  0.0  DUTTON 68B       PL 26B, 679
 29   1.66167    1.66167    1.66167    6.0000E-02 8.0E-02 8.0E-02    0.0  0.0  AMIRKHANOV 73B   YF 17, 1222
 30   1.68689    1.68689    1.68689    -0.18600   2.1E-02 2.1E-02    16.  16.  VELICHKO 82B     YF 35, 1457
 31   1.69000    1.69000    1.69000    0.10000    0.16000 0.16000    0.0  0.0  DUTTON 67        PL 25B, 245
 32   1.69032    1.69032    1.69032    -0.17000   8.8E-02 8.8E-02    18.  18.  VELICHKO 82B     YF 35, 1457
 33   1.70000    1.70000    1.70000    -7.000E-03 7.0E-02 7.0E-02    0.0  0.0  DOWELL 64        PL 12, 252
 34   2.78444    2.78444    2.78444    -0.12000   7.0E-02 7.0E-02    0.0  0.0  ZOLIN 66         ZETFP 3, 15
 35   3.00000    3.00000    3.00000    -0.42600   4.7E-02 4.7E-02    1.5  1.5  CLYDE 66         UCRL-16275
 36   4.20000    4.20000    4.20000    -0.39000   3.0E-02 3.0E-02    2.6  2.6  JENNI 77         NP B129, 232
 37   4.84831    4.84831    4.84831    -0.38000   0.10000 0.10000    0.0  0.0  ZOLIN 66         ZETFP 3, 15
 38   5.00000    5.00000    5.00000    -0.38900   3.1E-02 3.1E-02    1.5  1.5  CLYDE 66         UCRL-16275
 39   6.87454    6.87454    6.87454    -0.30000   7.0E-02 7.0E-02    0.0  0.0  ZOLIN 66         ZETFP 3, 15
 40   7.00000    7.00000    7.00000    -0.33900   3.7E-02 3.7E-02    1.5  1.5  CLYDE 66         UCRL-16275
 41   7.00000    7.00000    7.00000    -0.40000   3.0E-02 3.0E-02    2.5  2.5  JENNI 77         NP B129, 232
 42   7.81000    7.81000    7.81000    -0.33100   1.4E-02 1.4E-02    6.0  6.0  FOLEY 67B        PRL 19, 857
 43   7.85000    7.83200    7.86800    -0.29000   1.6E-02 1.6E-02    6.6  6.6  TAYLOR 65        PL 14, 54
 44   8.88889    8.88889    8.88889    -0.33000   8.0E-02 8.0E-02    0.0  0.0  ZOLIN 66         ZETFP 3, 15
 45   9.43000    9.43000    9.43000    -0.35100   4.8E-02 4.8E-02    8.0  8.0  BEZNOGIKH 72B    NP B54, 78
 46   9.86000    9.86000    9.86000    -0.34300   9.0E-03 9.0E-03    5.8  5.8  FOLEY 67B        PRL 19, 857
 47   9.86000    9.86000    9.86000    -0.34500   1.8E-02 1.8E-02    5.8  5.8  FOLEY 67B        PRL 19, 857
 48   10.00000   10.00000   10.00000   -0.33000   3.5E-02 3.5E-02    0.0  0.0  BELLETTINI 66    PL 19, 705
 49   10.00000   10.00000   10.00000   -0.31000   4.0E-02 4.0E-02    3.2  3.2  JENNI 77         NP B129, 232
 50   10.11000   10.11000   10.11000   -0.43000   1.3E-02 1.3E-02    9.4  9.4  BELLETTINI 65    PL 14, 164
 51   10.89795   10.89795   10.89795   -0.26000   5.0E-02 5.0E-02    0.0  0.0  ZOLIN 66         ZETFP 3, 15
 52   11.94000   11.94000   11.94000   -0.29000   1.3E-02 1.3E-02    6.9  6.9  FOLEY 67B        PRL 19, 857
 53   14.03000   14.03000   14.03000   -0.27200   1.3E-02 1.3E-02    7.4  7.4  FOLEY 67B        PRL 19, 857
 54   19.23000   19.23000   19.23000   -0.24500   2.8E-02 2.8E-02    11.  11.  BEZNOGIKH 72B    NP B54, 78
 55   19.33000   19.33000   19.33000   -0.33000   9.9E-03 9.9E-03    9.4  9.4  BELLETTINI 65    PL 14, 164
 56   20.24000   20.24000   20.24000   -0.20500   1.3E-02 1.3E-02    9.8  9.8  FOLEY 67B        PRL 19, 857
 57   24.00000   24.00000   24.00000   -0.19000   9.0E-02 9.0E-02    0.0  0.0  LOHRMANN 64      PL 13, 78
 58   24.12000   24.12000   24.12000   -0.15700   1.8E-02 1.8E-02    13.  13.  FOLEY 67B        PRL 19, 857
 59   26.12000   26.12000   26.12000   -0.15400   2.5E-02 2.5E-02    13.  13.  FOLEY 67B        PRL 19, 857
 60   26.42000   26.42000   26.42000   -0.32000   9.6E-03 9.6E-03    9.4  9.4  BELLETTINI 65    PL 14, 164
 61   27.50000   27.50000   27.50000   -0.23000   0.13000 0.13000    0.0  0.0  BARONI 65        NC 38, 95
 62   30.00000   30.00000   30.00000   -0.18300   5.1E-02 5.1E-02    0.0  0.0  GESHKOV 76       PR D13, 1846
 63   39.42000   39.42000   39.42000   -0.17600   2.2E-02 2.2E-02    16.  16.  BEZNOGIKH 72B    NP B54, 78
 64   42.50000   42.50000   42.50000   -0.19400   1.9E-02 1.9E-02    5.7  5.7  APOKIN 76        YF 25, 94
 65   50.00000   50.00000   50.00000   -6.800E-02 4.0E-02 4.0E-02    0.0  0.0  GESHKOV 76       PR D13, 1846
 66   51.27692   51.27692   51.27692   -0.15700   1.2E-02 1.2E-02    9.6  9.6  BARTENEV 73B     PRL 31, 1367
 67   51.99153   51.99153   51.99153   -0.15300   1.2E-02 1.2E-02    5.9  5.9  GROSS 78         PRL 41, 217
 68   52.20000   52.20000   52.20000   -0.17600   1.5E-02 1.5E-02    6.3  6.3  APOKIN 76        YF 25, 94
 69   55.38000   55.38000   55.38000   -0.15400   2.3E-02 2.3E-02    18.  18.  BEZNOGIKH 72B    NP B54, 78
 70   59.40000   59.40000   59.40000   -0.12200   2.0E-02 2.0E-02    23.  23.  BEZNOGIKH 72B    NP B54, 78
 71   69.84000   69.84000   69.84000   -0.10600   2.0E-02 2.0E-02    26.  26.  BEZNOGIKH 72B    NP B54, 78
 72   70.00000   70.00000   70.00000   -0.10400   6.5E-02 6.5E-02    0.0  0.0  GESHKOV 76       PR D13, 1846
 73   70.00000   70.00000   70.00000   -0.11500   1.3E-02 1.3E-02    7.0  7.0  FAJARDO 80       PR D24, 46
 74   79.99450   79.99450   79.99450   -9.600E-02 1.0E-02 1.0E-02    9.4  9.4  GROSS 78         PRL 41, 217
 75   84.00000   84.00000   84.00000   -0.12160   5.0E-03 5.0E-03    23.  23.  BARTENEV 75      YF 23, 759
 76   84.00000   84.00000   84.00000   -0.11940   1.8E-03 1.8E-03    24.  24.  BARTENEV 75      YF 23, 759
 77   93.91247   93.91247   93.91247   -9.800E-02 1.2E-02 1.2E-02    15.  15.  BARTENEV 73B     PRL 31, 1367
 78   100.00000  100.00000  100.00000  -9.200E-02 1.4E-02 1.4E-02    0.0  0.0  BURQ 82D         PL 109B, 124
 79   100.00000  100.00000  100.00000  -7.400E-02 1.6E-02 1.6E-02    9.5  9.5  FAJARDO 80       PR D24, 46
 80   102.00000  102.00000  102.00000  -0.10290   2.2E-03 2.2E-03    27.  27.  BARTENEV 75      YF 23, 759
 81   103.00000  103.00000  103.00000  -9.870E-02 1.9E-03 1.9E-03    29.  29.  BARTENEV 75      YF 23, 759
 82   103.00000  103.00000  103.00000  -0.10240   1.5E-03 1.5E-03    27.  27.  BARTENEV 75      YF 23, 759
 83   125.00000  125.00000  125.00000  -2.400E-02 1.3E-02 1.3E-02    21.  21.  FAJARDO 80       PR D24, 46
 84   144.53919  144.53919  144.53919  -6.400E-02 1.0E-02 1.0E-02    23.  23.  BARTENEV 73B     PRL 31, 1367
 85   150.00000  150.00000  150.00000  -4.000E-02 1.4E-02 1.4E-02    0.0  0.0  BURQ 82D         PL 109B, 124
 86   150.00000  150.00000  150.00000  8.0000E-03 1.0E-02 1.0E-02    75.  75.  FAJARDO 80       PR D24, 46
 87   163.00000  163.00000  163.00000  -4.800E-02 6.6E-03 6.6E-03    58.  58.  BARTENEV 75      YF 23, 759
 88   174.38188  174.38188  174.38188  -3.900E-02 1.2E-02 1.2E-02    38.  38.  BARTENEV 73B     PRL 31, 1367
 89   175.00000  175.00000  175.00000  -1.100E-02 1.7E-02 1.7E-02    64.  64.  FAJARDO 80       PR D24, 46
 90   185.03993  185.03993  185.03993  -3.800E-02 1.4E-02 1.4E-02    39.  39.  BARTENEV 73B     PRL 31, 1367
 91   198.99778  198.99778  198.99778  -3.400E-02 9.0E-03 9.0E-03    26.  26.  GROSS 78         PRL 41, 217
 92   200.00000  200.00000  200.00000  1.9000E-02 1.4E-02 1.4E-02    47.  47.  FAJARDO 80       PR D24, 46
 93   209.00000  209.00000  209.00000  -2.470E-02 2.2E-03 2.2E-03    114. 114. BARTENEV 75      YF 23, 759
 94   214.88243  214.88243  214.88243  -2.000E-02 1.2E-02 1.2E-02    75.  75.  BARTENEV 73B     PRL 31, 1367
 95   230.00000  230.00000  230.00000  -1.760E-02 3.7E-03 3.7E-03    159. 159. BARTENEV 75      YF 23, 759
 96   243.65902  243.65902  243.65902  -1.300E-02 1.0E-02 1.0E-02    115. 115. BARTENEV 73B     PRL 31, 1367
 97   250.00000  250.00000  250.00000  -4.100E-02 1.4E-02 1.4E-02    0.0  0.0  BURQ 82D         PL 109B, 124
 98   260.99832  260.99832  260.99832  -9.000E-03 9.0E-03 9.0E-03    100. 100. GROSS 78         PRL 41, 217
 99   268.70529  268.70529  268.70529  2.2000E-02 1.5E-02 1.5E-02    68.  68.  BARTENEV 73B     PRL 31, 1367
 100  281.00000  281.00000  281.00000  1.1800E-02 2.2E-03 2.2E-03    238. 238. BARTENEV 75      YF 23, 759
 101  286.00000  286.00000  286.00000  9.9000E-03 2.0E-03 2.0E-03    284. 284. BARTENEV 75      YF 23, 759
 102  293.35186  293.35186  293.35186  2.0000E-02 5.0E-02 5.0E-02    0.0  0.0  AMALDI 73C       PL 43B, 231
 103  293.35186  293.35186  293.35186  2.2000E-02 1.4E-02 1.4E-02    9.1  9.1  AMOS 85          NP B262, 689
 104  300.00000  300.00000  300.00000  -2.800E-02 1.6E-02 1.6E-02    0.0  0.0  BURQ 82D         PL 109B, 124
 105  302.99853  302.99853  302.99853  -1.100E-02 8.0E-03 8.0E-03    82.  82.  GROSS 78         PRL 41, 217
 106  313.72985  313.72985  313.72985  9.0000E-03 1.0E-02 1.0E-02    67.  67.  BREEDON 89       PL 216B, 459
 107  348.64001  348.64001  348.64001  2.5000E-02 1.5E-02 1.5E-02    60.  60.  BARTENEV 73B     PRL 31, 1367
 108  392.87051  392.87051  392.87051  3.9000E-02 1.2E-02 1.2E-02    38.  38.  BARTENEV 73B     PRL 31, 1367
 109  397.99890  397.99890  397.99890  1.2000E-02 9.0E-03 9.0E-03    75.  75.  GROSS 78         PRL 41, 217
 110  498.04302  498.04302  498.04302  3.0000E-02 6.0E-02 6.0E-02    0.0  0.0  AMALDI 73C       PL 43B, 231
 111  498.04302  498.04302  498.04302  3.4000E-02 8.0E-03 8.0E-03    2.9  2.9  AMOS 85          NP B262, 689
 112  498.04302  498.04302  498.04302  4.2000E-02 1.1E-02 1.1E-02    36.  36.  AMALDI 76C       PL 66B, 390
 113  1063.83483 1063.83483 1063.83483 6.2000E-02 1.1E-02 1.1E-02    24.  24.  AMALDI 76C       PL 66B, 390
 114  1484.68920 1484.68920 1484.68920 7.7000E-02 9.0E-03 9.0E-03    2.6  2.6  AMOS 85          NP B262, 689
 115  1490.32202 1490.32202 1490.32202 7.8000E-02 1.0E-02 1.0E-02    19.  19.  AMALDI 76C       PL 66B, 390
 116  2074.02954 2074.02954 2074.02954 9.5000E-02 1.1E-02 1.1E-02    16.  16.  AMALDI 76C       PL 66B, 390
